     0/199     1.19G   0.01369     0.104   0.04781       347       640    0.8032    0.2062    0.2679    0.1142    0.1284    0.0121    0.1211   0.04481
     1/199     10.1G    0.0116    0.0558   0.04092       300       640    0.5979    0.4838     0.527    0.2143     0.251   0.01115   0.06422   0.04156
     2/199     10.1G   0.01064   0.04502   0.03856       301       640    0.6906    0.5404    0.6118    0.2815    0.3136   0.01011   0.04493   0.03946
     3/199     10.1G   0.01023   0.04123   0.03717       397       640    0.6929    0.5994     0.657    0.3034    0.3348  0.009763   0.03939   0.03799
     4/199     10.9G  0.009947   0.03919   0.03653       337       640    0.6897    0.6015    0.6558    0.2994    0.3392  0.009695   0.03874   0.03763
     5/199     10.9G  0.009742   0.03739   0.03611       432       640    0.7041    0.6035    0.6651    0.3134    0.3474  0.009729   0.03913    0.0373
     6/199     10.9G  0.009685   0.03684   0.03577       397       640    0.6971     0.637    0.6978    0.3292    0.3626  0.009544   0.03921   0.03691
     7/199     10.9G  0.009597   0.03572   0.03554       435       640     0.711      0.64    0.7042    0.3205    0.3619   0.00944   0.03715   0.03691
     8/199     10.9G  0.009491   0.03478   0.03535       413       640     0.715    0.6396    0.6915    0.3223    0.3543  0.009534   0.03529   0.03701
     9/199     10.9G  0.009552   0.03501   0.03538       455       640    0.7446    0.6264    0.6992     0.321    0.3592  0.009457   0.03568   0.03682
    10/199     10.9G  0.009516   0.03437   0.03522       311       640    0.6536    0.6213    0.6759    0.3135     0.351  0.009532   0.03644   0.03697
    11/199     10.9G   0.00951   0.03435   0.03528       308       640    0.7452    0.6518    0.7152    0.3396    0.3724  0.009409   0.03514    0.0369
    12/199     10.9G  0.009486   0.03437   0.03519       311       640    0.7366    0.6083    0.6802    0.2946    0.3418  0.009816   0.03759    0.0375
    13/199     10.9G  0.009543   0.03399   0.03515       367       640    0.7363    0.5915    0.6705    0.2877    0.3319   0.01002   0.03824   0.03818
    14/199     10.9G  0.009476   0.03354   0.03517       313       640    0.7271    0.6186    0.6774    0.3077    0.3439   0.00991   0.03678   0.03764
    15/199     10.9G  0.009513   0.03345   0.03528       433       640    0.6929    0.5556    0.6149      0.27    0.3116   0.01017   0.04056   0.03843
    16/199     10.9G  0.009458    0.0329     0.035       328       640     0.751    0.5885    0.6861    0.3106    0.3506  0.009745   0.03697   0.03761
    17/199     10.9G  0.009431   0.03235   0.03488       369       640    0.7415    0.5943     0.668    0.2845     0.334  0.009992   0.03586     0.038
    18/199     10.9G   0.00927   0.03177   0.03482       246       640    0.7471    0.6796    0.7316    0.3379     0.379  0.009528   0.03377   0.03713
    19/199     10.9G  0.009287   0.03139    0.0347       341       640    0.7615    0.6281    0.7037    0.3296    0.3612  0.009489   0.03412   0.03706
    20/199     10.9G  0.009187   0.03066   0.03448       365       640    0.7589    0.6513    0.7212      0.33    0.3702  0.009552   0.03497   0.03708
    21/199     10.9G  0.009132   0.03044   0.03437       357       640    0.7564    0.6445    0.7229    0.3317    0.3726  0.009513   0.03294   0.03689
    22/199     10.9G  0.009103    0.0302    0.0343       288       640    0.7235    0.6311    0.6954    0.3104    0.3554  0.009728   0.03473   0.03754
    23/199     10.9G  0.009068   0.02985   0.03421       357       640    0.7575    0.6482    0.7256    0.3386    0.3801  0.009414   0.03385   0.03704
    24/199     10.9G   0.00906   0.02972   0.03419       393       640     0.738    0.6798    0.7296    0.3388    0.3772  0.009567   0.03338   0.03759
    25/199     10.9G  0.009093   0.02937   0.03422       335       640      0.74    0.6609    0.7333      0.33    0.3792  0.009554   0.03448   0.03709
    26/199     10.9G  0.008979   0.02899   0.03402       353       640    0.7771    0.6436    0.7231    0.3222     0.369  0.009724   0.03276    0.0373
    27/199     10.9G  0.009027   0.02919   0.03411       432       640    0.7922    0.6238    0.7124    0.3299    0.3684    0.0096   0.03269   0.03753
    28/199     10.9G  0.008942   0.02883   0.03395       318       640    0.7556    0.6482    0.7213     0.327    0.3698   0.00962   0.03241   0.03716
    29/199     10.9G  0.008896   0.02848   0.03388       277       640    0.7935    0.6628    0.7416    0.3343    0.3797  0.009423   0.03311   0.03709
    30/199     10.9G    0.0089   0.02841   0.03392       444       640    0.7752     0.669    0.7401    0.3238    0.3727  0.009813   0.03209   0.03727
    31/199     10.9G  0.008905   0.02823    0.0338       379       640    0.7875    0.6604    0.7397    0.3405    0.3807  0.009469   0.03187   0.03695
    32/199     10.9G  0.008921   0.02832   0.03397       591       640    0.7829    0.6418    0.7131     0.326    0.3688  0.009553   0.03167    0.0368
    33/199     10.9G  0.008884   0.02798    0.0338       356       640    0.7694    0.6727    0.7441    0.3257    0.3744   0.00982   0.03215   0.03719
    34/199     10.9G  0.008843   0.02775   0.03372       331       640    0.7943    0.6569    0.7391    0.3388    0.3778  0.009505   0.03093   0.03679
    35/199     10.9G  0.008863   0.02791   0.03379       426       640    0.6857    0.6582    0.6843    0.3076    0.3466  0.009893   0.03219   0.03735
    36/199     10.9G  0.008816    0.0277   0.03362       391       640    0.7752    0.6828    0.7472    0.3356    0.3791  0.009564   0.03215   0.03719
    37/199     10.9G  0.008772   0.02742   0.03356       306       640    0.7672    0.6551    0.7259    0.3134    0.3633  0.009736   0.03115     0.037
    38/199     10.9G  0.008752   0.02713   0.03364       399       640    0.7226    0.7097    0.7372    0.3453    0.3861  0.009449   0.03106   0.03675
    39/199     11.8G  0.008769   0.02716   0.03363       306       640    0.7939    0.6978    0.7739    0.3744     0.406  0.009148   0.02969   0.03605
    40/199     11.8G  0.008676    0.0272   0.03355       389       640    0.8061    0.6664    0.7523    0.3411    0.3847  0.009576    0.0307   0.03684
    41/199     11.8G  0.008722   0.02691   0.03353       342       640    0.7799    0.6819     0.759    0.3579    0.3952  0.009416   0.03072   0.03661
    42/199     11.8G  0.008695   0.02693   0.03353       403       640    0.7892    0.6986    0.7724    0.3596     0.405  0.009259   0.03072   0.03621
    43/199     11.8G  0.008763   0.02697   0.03348       345       640     0.811    0.6835    0.7687    0.3501    0.3933  0.009361    0.0311   0.03631
    44/199     11.8G  0.008635   0.02661   0.03341       391       640    0.8181    0.6532    0.7436    0.3402    0.3853  0.009525    0.0306   0.03664
    45/199     11.8G  0.008664   0.02664   0.03335       444       640    0.7773    0.6854    0.7583    0.3381    0.3894  0.009394   0.03113   0.03667
    46/199     11.8G  0.008609   0.02642   0.03324       287       640    0.7786    0.6679    0.7394    0.3492    0.3877  0.009479   0.03073   0.03643
    47/199     11.8G  0.008583   0.02632   0.03322       360       640    0.7698    0.6872    0.7516    0.3494    0.3929  0.009401   0.03129   0.03646
    48/199     11.8G  0.008638   0.02628   0.03318       393       640    0.7623    0.6599    0.7242     0.337    0.3752  0.009701   0.03103   0.03692
    49/199     11.8G  0.008579   0.02627   0.03328       405       640    0.8153    0.6659    0.7567    0.3401    0.3863  0.009613   0.03075   0.03701
    50/199     11.8G  0.008619   0.02634   0.03324       377       640    0.7825    0.6857     0.757    0.3299    0.3834   0.00978    0.0307   0.03719
    51/199     11.8G    0.0086    0.0262   0.03322       450       640    0.7685    0.6846    0.7526    0.3447    0.3882  0.009511   0.03043   0.03671
    52/199     11.8G    0.0086   0.02617   0.03324       318       640    0.7875    0.6867     0.749    0.3374    0.3839  0.009531   0.03067   0.03675
    53/199     11.8G  0.008543   0.02581   0.03315       323       640    0.7761    0.6541    0.7213    0.3115    0.3633  0.009944   0.03099   0.03746
    54/199     11.8G  0.008519   0.02589   0.03311       306       640    0.8027    0.6845    0.7543      0.35     0.388  0.009549   0.03036   0.03707
    55/199     11.8G  0.008473   0.02564   0.03304       394       640    0.7523    0.7275    0.7729    0.3565    0.4015  0.009339   0.02966   0.03625
    56/199     11.8G  0.008574   0.02582    0.0332       390       640    0.7477    0.6994    0.7508    0.3453    0.3858  0.009507   0.03024   0.03672
    57/199     11.8G  0.008475   0.02552   0.03299       344       640    0.7619    0.6794    0.7486    0.3454    0.3891  0.009398   0.03061   0.03651
    58/199     11.8G  0.008517   0.02567   0.03308       378       640    0.7972     0.682    0.7571    0.3449    0.3933  0.009308   0.03009   0.03634
    59/199     11.8G  0.008425   0.02532   0.03289       291       640    0.7997    0.6811    0.7692    0.3663    0.4045  0.009237   0.03002   0.03628
    60/199     11.8G  0.008448   0.02545   0.03297       346       640    0.7742    0.6667    0.7373    0.3315     0.377  0.009672   0.03064   0.03696
    61/199     11.8G  0.008469   0.02541     0.033       335       640    0.7838    0.6907    0.7684     0.353    0.3948  0.009405   0.03024   0.03659
    62/199     12.6G  0.008459   0.02533   0.03296       281       640    0.7707    0.6802    0.7582    0.3656    0.4002  0.009194   0.03025   0.03622
    63/199     12.6G  0.008408   0.02515   0.03294       304       640    0.7812    0.6732    0.7387    0.3386    0.3799  0.009587   0.03032   0.03684
    64/199     12.6G  0.008414   0.02541   0.03296       426       640    0.7611    0.6618    0.7329    0.3326    0.3747  0.009526   0.03005   0.03683
    65/199     12.6G  0.008372   0.02521   0.03282       395       640    0.7943    0.6689    0.7355    0.3152    0.3671  0.009948   0.03062   0.03738
    66/199     12.6G  0.008367   0.02503   0.03284       363       640    0.7978    0.6872    0.7664    0.3615    0.4031  0.009341   0.02966   0.03665
    67/199     12.6G  0.008359   0.02497   0.03288       369       640    0.7513    0.6579    0.7146    0.3165    0.3605  0.009732   0.03061   0.03703
    68/199     12.6G  0.008395   0.02501   0.03274       398       640    0.7617    0.6722    0.7466    0.3484    0.3875  0.009497   0.03003   0.03636
    69/199     12.6G  0.008418   0.02503   0.03285       291       640    0.7888    0.6774     0.766    0.3549    0.3955   0.00935   0.03021   0.03669
    70/199     12.6G  0.008333   0.02486   0.03281       361       640    0.7792    0.6796    0.7494    0.3485    0.3872  0.009561   0.02979   0.03672
    71/199     12.6G  0.008426   0.02521    0.0329       346       640    0.8199    0.6541    0.7371    0.3307    0.3763  0.009782   0.02999   0.03706
    72/199     12.6G  0.008336   0.02468   0.03268       279       640    0.8164    0.6631    0.7501    0.3489    0.3888  0.009439   0.02972   0.03634
    73/199     12.6G  0.008258   0.02448   0.03264       457       640    0.8233    0.6695    0.7584    0.3556    0.3935  0.009402   0.02986   0.03657
    74/199     12.6G  0.008271   0.02444   0.03267       418       640    0.8135     0.661    0.7486    0.3349    0.3843  0.009589    0.0299   0.03684
    75/199     12.6G  0.008304   0.02461   0.03268       355       640    0.7994    0.6939    0.7673    0.3517    0.3968  0.009427   0.02927   0.03653
    76/199     12.6G  0.008293   0.02441   0.03272       403       640    0.8066    0.6785    0.7602    0.3596    0.3952  0.009369   0.02911    0.0365
    77/199     12.6G  0.008287   0.02458   0.03262       352       640    0.7884    0.6741    0.7508    0.3461    0.3855  0.009615   0.02986   0.03696
    78/199     12.6G  0.008312   0.02454   0.03265       291       640    0.7691    0.6779    0.7285    0.3273    0.3754  0.009726   0.02984   0.03719
    79/199     12.6G  0.008268   0.02441   0.03254       400       640    0.7636    0.6858    0.7448     0.332    0.3775  0.009632   0.03019   0.03688
    80/199     12.6G  0.008295   0.02448   0.03257       314       640    0.7611    0.6936    0.7556    0.3378    0.3859  0.009569   0.02998   0.03682
    81/199     12.6G  0.008245   0.02423   0.03255       380       640    0.8186    0.6426    0.7377    0.3224    0.3741  0.009767   0.02994   0.03732
    82/199     12.6G  0.008275   0.02424   0.03261       334       640     0.748    0.7073    0.7505    0.3545    0.3949  0.009372   0.02896   0.03663
    83/199     12.6G  0.008271   0.02442    0.0326       333       640    0.7727    0.7081    0.7687    0.3597    0.3991  0.009435   0.02971   0.03655
    84/199     13.5G  0.008214   0.02405    0.0326       444       640    0.7849    0.6665    0.7368    0.3238    0.3736   0.00969   0.03025   0.03706
    85/199     13.5G  0.008224   0.02417   0.03252       355       640    0.7831    0.6831    0.7532    0.3375    0.3849  0.009504   0.02943   0.03687
    86/199     13.5G  0.008254   0.02428   0.03264       304       640    0.7914    0.6789    0.7556    0.3509    0.3936  0.009473   0.02954   0.03671
    87/199     13.5G  0.008212   0.02401   0.03242       278       640    0.8205    0.6445    0.7409    0.3316    0.3794  0.009729   0.02991   0.03712
    88/199     13.5G  0.008182   0.02393   0.03248       335       640    0.7684    0.7149     0.762    0.3487    0.3933  0.009467   0.02933   0.03668
    89/199     13.5G  0.008245   0.02403   0.03256       394       640     0.794    0.6877    0.7561    0.3441    0.3898  0.009526   0.02911   0.03694
    90/199     13.5G  0.008223   0.02402   0.03254       397       640    0.7822    0.6815    0.7416     0.327    0.3743  0.009813   0.02976   0.03733
    91/199     13.5G  0.008197   0.02399   0.03234       336       640    0.7952    0.6788    0.7543    0.3297    0.3815  0.009696   0.02961   0.03719
    92/199     13.5G  0.008176   0.02393   0.03249       228       640    0.7818    0.6985    0.7574    0.3587    0.3957  0.009384   0.02887   0.03657
    93/199     13.5G  0.008152   0.02365   0.03245       376       640    0.8095    0.6917    0.7624    0.3651    0.4014  0.009356   0.02891   0.03666
    94/199     14.4G  0.008162   0.02378   0.03236       403       640    0.8218    0.6681    0.7538    0.3419    0.3878  0.009616    0.0289   0.03715
    95/199     14.4G  0.008133   0.02371   0.03244       293       640    0.8005    0.6812    0.7551    0.3563    0.3954  0.009489   0.02877   0.03694
    96/199     14.4G  0.008151   0.02366   0.03241       350       640    0.8307    0.6683    0.7577    0.3386    0.3883  0.009772   0.02947   0.03743
    97/199     14.4G   0.00811   0.02357   0.03228       332       640    0.7885    0.6831    0.7403    0.3301    0.3767  0.009742   0.02955   0.03745
    98/199     14.4G  0.008069   0.02348   0.03222       341       640     0.818    0.6886    0.7592     0.346    0.3896  0.009599   0.02876   0.03725
    99/199     14.4G  0.008104   0.02345   0.03223       394       640    0.7833    0.6813    0.7498    0.3362    0.3871  0.009684   0.02921   0.03712
   100/199     14.4G  0.008121   0.02342   0.03224       343       640    0.7784    0.6707    0.7335    0.3265    0.3757  0.009756   0.02926   0.03745
   101/199     14.4G  0.008076   0.02333   0.03223       346       640    0.7932    0.6834    0.7461    0.3323    0.3837  0.009741   0.02913   0.03739
   102/199     14.4G   0.00808   0.02337   0.03218       423       640    0.8069    0.6697    0.7497    0.3322    0.3829  0.009745   0.02905   0.03736
   103/199     14.4G  0.008121   0.02334   0.03227       349       640    0.7829    0.7072    0.7564    0.3422    0.3896   0.00956    0.0286   0.03686
   104/199     14.4G  0.008081   0.02337   0.03219       444       640    0.7763    0.7105    0.7603    0.3453    0.3935  0.009538   0.02874   0.03706
   105/199     14.4G  0.008021   0.02315   0.03213       381       640    0.8023    0.6891    0.7547    0.3383    0.3879  0.009727    0.0294   0.03732
   106/199     14.4G  0.008105    0.0233   0.03228       443       640    0.8129    0.6889    0.7554    0.3374    0.3877  0.009684   0.02917    0.0373
   107/199     14.4G  0.008059   0.02321   0.03214       399       640    0.7739    0.7077    0.7488    0.3422    0.3888  0.009586   0.02904     0.037
   108/199     14.4G  0.007994     0.023   0.03201       380       640    0.7718    0.7099    0.7565    0.3387    0.3881  0.009753   0.02896   0.03729
   109/199     14.4G  0.008004   0.02307   0.03217       427       640    0.7592    0.7189    0.7622    0.3452    0.3936  0.009593   0.02868   0.03708
   110/199     14.4G  0.008061   0.02323   0.03224       338       640    0.7729    0.7129    0.7602    0.3381    0.3909  0.009623   0.02869   0.03699
   111/199     14.4G  0.008047   0.02304   0.03221       391       640    0.7731    0.7132    0.7621    0.3403    0.3931  0.009658   0.02901   0.03724
   112/199     14.4G  0.007991   0.02297   0.03214       387       640    0.8049    0.6785    0.7561    0.3287    0.3861  0.009751   0.02907   0.03744
   113/199     14.4G  0.007996   0.02301   0.03208       362       640    0.7913    0.6827    0.7544    0.3373    0.3887  0.009586   0.02906   0.03701
   114/199     14.4G  0.007975   0.02294   0.03205       386       640    0.7575    0.6895    0.7389    0.3419    0.3848  0.009628   0.02906    0.0371
   115/199     14.4G  0.008003   0.02291   0.03207       416       640     0.811     0.683    0.7503    0.3428    0.3881  0.009584   0.02878   0.03714
   116/199     14.4G  0.007976   0.02278   0.03207       385       640    0.8151    0.6846    0.7578    0.3364    0.3894  0.009711   0.02916   0.03747
   117/199     14.4G  0.007977   0.02288   0.03213       359       640     0.815    0.6634     0.746    0.3296    0.3832  0.009757   0.02912   0.03765
   118/199     14.4G  0.007977   0.02283   0.03204       382       640    0.7966    0.6827    0.7499    0.3404    0.3909  0.009569   0.02888    0.0371
   119/199     14.4G  0.007931   0.02265   0.03198       340       640    0.7674    0.6894    0.7422    0.3318    0.3823  0.009709   0.02922    0.0375
   120/199     14.4G  0.007973   0.02263   0.03205       457       640    0.8107    0.6631    0.7404    0.3322    0.3826  0.009804   0.02911   0.03765
   121/199     14.4G  0.007952   0.02268   0.03208       402       640    0.8117    0.6805    0.7526    0.3455    0.3917   0.00966   0.02871   0.03739
   122/199     14.4G  0.007944   0.02259   0.03202       338       640    0.7636    0.7035     0.744    0.3333    0.3849  0.009742   0.02869   0.03754
   123/199     14.4G  0.007932   0.02253     0.032       356       640    0.7829    0.7102    0.7577    0.3466    0.3941  0.009557   0.02859   0.03717
   124/199     14.4G   0.00787   0.02236   0.03189       308       640     0.788     0.702    0.7555    0.3446    0.3932  0.009543   0.02855   0.03711
   125/199     14.4G  0.007876   0.02231   0.03184       386       640     0.823    0.6784    0.7533    0.3425    0.3885  0.009612    0.0287   0.03717
   126/199     14.4G  0.007891   0.02245   0.03186       428       640    0.7871    0.6942    0.7461    0.3385    0.3849  0.009611   0.02869   0.03726
   127/199     14.4G  0.007904   0.02247   0.03193       352       640    0.8018    0.6906    0.7489    0.3354    0.3837  0.009713   0.02869   0.03742
   128/199     14.4G  0.007853   0.02232   0.03183       321       640    0.8105    0.6815    0.7549    0.3449     0.389  0.009607   0.02858   0.03723
   129/199     14.4G  0.007911   0.02248   0.03199       330       640    0.7817    0.7012     0.753    0.3486    0.3914  0.009552   0.02868   0.03709
   130/199     14.4G  0.007852   0.02227   0.03188       297       640    0.7839    0.6963    0.7461    0.3446    0.3874  0.009555   0.02843   0.03715
   131/199     14.4G   0.00791   0.02226   0.03188       344       640    0.8115    0.6632     0.737    0.3351    0.3784  0.009782   0.02893   0.03756
   132/199     14.4G  0.007853   0.02231   0.03181       446       640    0.8015    0.6804    0.7446    0.3375    0.3845   0.00966   0.02877   0.03734
   133/199     14.4G  0.007819    0.0222   0.03182       375       640    0.8141    0.6822     0.751    0.3392    0.3856  0.009653   0.02861   0.03732
   134/199     14.4G  0.007874   0.02222   0.03185       376       640    0.7885    0.6949    0.7522    0.3435    0.3894  0.009584   0.02844   0.03716
   135/199     14.4G  0.007844   0.02216   0.03184       430       640    0.7961    0.6911    0.7518    0.3444    0.3899  0.009579   0.02836   0.03719
   136/199     14.4G  0.007824   0.02202   0.03173       403       640    0.7395    0.7185    0.7453    0.3436     0.388   0.00967   0.02846   0.03738
   137/199     14.4G  0.007773   0.02192   0.03181       446       640    0.7971    0.6773    0.7489    0.3441    0.3893  0.009667   0.02857   0.03745
   138/199     14.4G  0.007856   0.02214   0.03183       350       640    0.7543     0.709    0.7473    0.3461    0.3885  0.009607   0.02844   0.03742
   139/199     14.4G  0.007764   0.02192   0.03172       296       640      0.79    0.6928    0.7521    0.3454    0.3903  0.009617   0.02851   0.03742
   140/199     14.4G  0.007784   0.02195   0.03178       322       640    0.8226    0.6801    0.7574    0.3441    0.3896  0.009663    0.0286   0.03753
   141/199     14.4G  0.007745   0.02183   0.03166       326       640    0.8005    0.7021    0.7576    0.3427    0.3905  0.009694   0.02842   0.03754
   142/199     14.4G  0.007778   0.02193   0.03175       337       640    0.8034    0.7011    0.7577    0.3455    0.3906  0.009708   0.02849    0.0375
   143/199     14.4G   0.00777   0.02192   0.03168       385       640    0.8219    0.6887    0.7604    0.3444    0.3942  0.009665   0.02838    0.0373
   144/199     14.4G  0.007776   0.02188   0.03159       379       640    0.7968    0.7021    0.7586     0.345    0.3917  0.009705   0.02843   0.03741
   145/199     14.4G  0.007737   0.02173   0.03165       287       640    0.8084    0.6971    0.7583    0.3503    0.3929  0.009709   0.02857   0.03752
   146/199     14.4G  0.007744   0.02172    0.0316       324       640     0.806    0.6895    0.7568    0.3472    0.3947  0.009667   0.02855   0.03745
   147/199     14.4G  0.007732    0.0217   0.03161       444       640    0.8293    0.6759    0.7601    0.3426     0.391   0.00967   0.02855   0.03748
   148/199     14.4G  0.007687   0.02148   0.03157       260       640    0.8187    0.6799    0.7543    0.3431    0.3915  0.009688   0.02855    0.0375
   149/199     14.4G  0.007687   0.02156   0.03162       413       640    0.8354    0.6687    0.7538    0.3415    0.3888  0.009751   0.02861   0.03761
   150/199     14.4G  0.007736   0.02171   0.03164       398       640    0.8154    0.6815    0.7522    0.3319    0.3853  0.009834   0.02869   0.03775
   151/199     14.4G   0.00772   0.02165   0.03155       431       640    0.7827    0.7032    0.7518    0.3313    0.3848  0.009797   0.02865   0.03773
   152/199     14.4G  0.007647    0.0215   0.03163       359       640    0.7897    0.6956    0.7544    0.3363    0.3886  0.009732    0.0285   0.03761
   153/199     14.4G  0.007698   0.02154   0.03156       362       640    0.7555    0.7185    0.7572    0.3385    0.3907  0.009722   0.02848    0.0376
   154/199     14.4G  0.007687   0.02157   0.03161       390       640    0.8045    0.6852    0.7548    0.3377    0.3901  0.009696   0.02845   0.03753
   155/199     14.4G  0.007715   0.02154   0.03154       418       640    0.8069    0.6844    0.7551    0.3405    0.3903  0.009685   0.02838   0.03749
   156/199     14.4G  0.007682   0.02146   0.03152       365       640     0.791    0.6958    0.7544    0.3402    0.3915  0.009658   0.02832   0.03746
   157/199     14.4G   0.00767    0.0214   0.03158       373       640    0.8039      0.69     0.753     0.344    0.3934  0.009622   0.02832   0.03735
   158/199     14.4G  0.007616   0.02137   0.03146       344       640    0.7928    0.7037    0.7544    0.3418    0.3897  0.009681   0.02839   0.03742
   159/199     14.4G  0.007656   0.02141   0.03145       434       640    0.7958     0.694    0.7512    0.3401    0.3893   0.00967   0.02845   0.03739
   160/199     14.4G  0.007649   0.02137   0.03142       311       640     0.818    0.6794    0.7553    0.3368    0.3873  0.009698   0.02851    0.0375
   161/199     14.4G  0.007613   0.02115    0.0314       368       640    0.7944    0.7055    0.7571    0.3358    0.3878  0.009702   0.02853   0.03756
   162/199     14.4G  0.007634   0.02131   0.03142       449       640    0.8025     0.703    0.7599    0.3367    0.3883  0.009695   0.02847   0.03755
   163/199     14.4G    0.0076   0.02123   0.03139       345       640    0.7944    0.7042    0.7567    0.3324    0.3873  0.009721   0.02848    0.0376
   164/199     14.4G  0.007638   0.02132   0.03144       343       640    0.7903    0.7027    0.7565    0.3377    0.3895  0.009682   0.02849   0.03754
   165/199     14.4G  0.007624   0.02125    0.0314       275       640    0.8021    0.6878    0.7549    0.3378    0.3886  0.009685   0.02847   0.03756
   166/199     14.4G  0.007597   0.02119   0.03144       340       640    0.8228    0.6814    0.7548    0.3403    0.3896  0.009681   0.02847   0.03758
   167/199     14.4G  0.007633   0.02133   0.03154       342       640    0.8079    0.6912    0.7546    0.3413    0.3896  0.009701   0.02856   0.03762
   168/199     14.4G  0.007562   0.02112   0.03136       321       640    0.7902    0.7001    0.7538    0.3392    0.3886   0.00971   0.02857   0.03761
   169/199     14.4G  0.007564   0.02103   0.03141       360       640    0.8081    0.6817    0.7493    0.3381    0.3868  0.009729   0.02858   0.03768
   170/199     14.4G  0.007613   0.02118   0.03144       358       640    0.8162     0.682    0.7492    0.3388     0.387  0.009717   0.02856   0.03766
   171/199     14.4G  0.007551    0.0209   0.03129       390       640    0.7951    0.6936    0.7504    0.3417    0.3879  0.009716   0.02858   0.03768
   172/199     14.4G    0.0076   0.02114   0.03133       356       640    0.7844    0.6958    0.7469    0.3433     0.388  0.009719   0.02857   0.03769
   173/199     14.4G  0.007575   0.02102   0.03133       322       640    0.7925    0.6928    0.7507     0.342    0.3881  0.009723    0.0285   0.03768
   174/199     14.4G  0.007547   0.02099   0.03128       386       640    0.8112    0.6896    0.7523    0.3393    0.3866  0.009741   0.02856   0.03773
   175/199     14.4G  0.007578   0.02113   0.03136       338       640    0.7851    0.7127    0.7546    0.3375    0.3878  0.009721   0.02856    0.0377
   176/199     14.4G  0.007518   0.02095   0.03121       333       640    0.8094    0.6919    0.7547    0.3386    0.3876   0.00971   0.02854   0.03769
   177/199     14.4G  0.007564     0.021   0.03135       267       640    0.8108     0.692    0.7534    0.3394    0.3878  0.009714   0.02852    0.0377
   178/199     14.4G  0.007532   0.02098   0.03133       366       640    0.8093    0.6852    0.7519    0.3366    0.3873  0.009736   0.02849   0.03772
   179/199     14.4G  0.007563   0.02098   0.03141       366       640    0.8103    0.6896     0.754     0.338    0.3892  0.009748    0.0285   0.03774
   180/199     14.4G  0.007496   0.02087   0.03128       372       640    0.8013    0.6932    0.7509    0.3433    0.3893  0.009757   0.02846   0.03774
   181/199     14.4G  0.007456   0.02069   0.03113       314       640    0.8104    0.6837    0.7517     0.341    0.3889  0.009757   0.02846   0.03773
   182/199     14.4G  0.007506   0.02085    0.0312       389       640    0.8094    0.6824    0.7523     0.339    0.3872  0.009783   0.02852   0.03782
   183/199     14.4G  0.007492   0.02077   0.03129       352       640    0.8065    0.6913    0.7547    0.3381    0.3873  0.009781   0.02847   0.03789
   184/199     14.4G  0.007564   0.02091   0.03122       373       640    0.8149    0.6844     0.754    0.3375    0.3879  0.009764   0.02848   0.03783
   185/199     14.4G  0.007509   0.02079   0.03121       331       640    0.8042    0.6875      0.75    0.3364    0.3868  0.009772   0.02851   0.03787
   186/199     14.4G   0.00746   0.02066   0.03123       344       640    0.8217    0.6748    0.7499    0.3339    0.3869  0.009773   0.02849   0.03787
   187/199     14.4G  0.007505   0.02073   0.03117       413       640    0.8081    0.6851    0.7508     0.335    0.3866  0.009771   0.02849   0.03787
   188/199     14.4G  0.007503   0.02074   0.03124       379       640    0.8184    0.6778    0.7504     0.337    0.3863  0.009761   0.02852   0.03785
   189/199     14.4G  0.007486   0.02072   0.03114       384       640    0.8166    0.6771    0.7494     0.341    0.3869  0.009762   0.02855   0.03785
   190/199     14.4G  0.007497   0.02074   0.03128       391       640    0.8313    0.6627    0.7477     0.338    0.3863  0.009781   0.02857    0.0379
   191/199     14.4G  0.007492   0.02067   0.03124       354       640    0.8039    0.6816    0.7465    0.3371    0.3856   0.00978   0.02855   0.03789
   192/199     14.4G  0.007465   0.02071   0.03121       334       640     0.805    0.6828    0.7474    0.3368    0.3858  0.009762   0.02852   0.03788
   193/199     14.4G  0.007457   0.02065   0.03122       311       640    0.8064    0.6821    0.7477    0.3373    0.3858  0.009764   0.02853   0.03786
   194/199     14.4G  0.007491   0.02068   0.03119       356       640    0.8207    0.6759    0.7489    0.3354    0.3855  0.009771   0.02853   0.03788
   195/199     14.4G  0.007478    0.0207   0.03122       306       640    0.8156    0.6808    0.7494    0.3359    0.3857  0.009771   0.02853    0.0379
   196/199     14.4G  0.007458   0.02056   0.03118       433       640    0.8007    0.6886    0.7475    0.3368    0.3857  0.009778   0.02851   0.03791
   197/199     14.4G  0.007478   0.02065   0.03122       332       640    0.8088    0.6851    0.7475    0.3387    0.3862  0.009777   0.02849   0.03791
   198/199     14.4G  0.007456   0.02061   0.03115       372       640    0.8206    0.6752    0.7469    0.3379    0.3851  0.009782   0.02852   0.03791
   199/199     14.4G  0.007506   0.02083   0.03133       434       640    0.7821    0.7064    0.7459    0.3379    0.3844  0.009788   0.02854   0.03792
